0.053893
0.426179
0.057932
0.119474
0.104644
0.005187
0.045012
0.336105
0.177289
0.206341
0.066644
0.148790
0.409127
0.368238
0.630770
0.062708
0.560768
0.152335
0.014898
0.100494
0.235857
0.120146
0.319229
0.085473
0.375802
0.034901
0.045534
0.198208
0.454235
0.103208
0.005726
0.097471
0.340419
0.264088
0.253868
0.060607
0.167342
0.158395
0.126992
0.077804
0.112373
0.033995
0.059985
0.234376
0.448820
0.090720
0.047761
0.020662
0.232536
0.119403
0.092027
0.374060
0.135168
0.117359
0.339135
0.451715
0.047108
0.642513
0.113572
0.177755
0.231862
0.111416
0.018291
0.232762
0.136073
0.011296
0.374838
0.471788
0.299475
0.074440
0.093646
0.342704
0.017734
0.008231
0.163766
0.679946
0.317426
0.379772
0.069036
0.078849
0.068971
0.689120
0.112931
0.037378
0.149708
0.022191
0.285306
0.061558
0.503247
0.110192
0.281452
0.166644
0.030962
0.276700
0.054237
0.054711
0.625547
0.212352
0.071530
0.053533
0.337144
0.172964
0.112567
0.523102
0.176827
0.091895
0.264358
0.288181
0.197610
0.108943
0.067859
0.139991
0.022104
0.079430
0.006646
0.010623
0.170811
0.163141
0.275344
0.177861
0.192802
0.243630
0.066653
0.383901
0.298278
0.065665
0.048813
0.126264
0.181270
0.005490
0.288936
0.050596
0.097727
0.068854
0.133257
0.060610
0.356713
0.082958
0.222310
0.000017
0.112487
0.081070
0.217076
0.085977
0.070358
0.062368
0.142705
0.029440
0.173771
0.143237
0.392120
0.303529
0.339836
0.012213
0.229374
0.264158
0.110148
0.256268
0.477404
0.269578
0.170582
0.434733
0.420658
0.356343
0.014478
0.089890
0.164472
0.458347
0.349416
0.030123
0.151156
0.113837
0.071712
0.088880
0.211078
0.241834
0.952912
0.099957
0.192580
0.086940
0.244064
0.486782
0.060531
0.056694
0.041796
0.049751
0.370645
0.108398
0.043711
0.149685
0.230395
0.621872
0.250857
0.346761
0.134726
0.352852
0.100267
0.087131
0.125597
0.110628
0.501137
0.054681
0.072112
0.000687
0.613908
0.034578
0.232191
0.017995
0.156671
0.003117
0.204558
0.174451
0.324423
0.159443
0.251049
0.048294
0.061842
0.177261
0.032964
0.447587
0.268727
0.084919
0.176189
0.034651
0.056355
0.088600
0.209727
0.333574
0.113681
0.075584
0.068168
0.268483
0.717498
0.112515
0.017748
0.323494
0.070403
0.065297
0.184296
0.060100
0.062052
0.133809
0.353803
0.100497
0.014337
0.036816
0.230988
0.035385
0.399094
0.063450
0.389631
0.138908
0.157842
0.285597
0.055835
0.035779
0.062923
0.358286
0.003278
0.650208
0.014992
0.029056
0.050929
0.100997
0.162575
0.184702
0.140732
0.307783
0.123219
0.321103
0.006664
0.036931
0.215222
0.258760
0.133577
0.311522
0.010457
0.238605
0.037598
0.275782
0.197413
0.085982
0.090827
0.020023
0.156086
0.255050
0.150887
0.072167
0.284575
0.133710
0.016430
0.138942
0.026753
0.035462
0.019785
0.079107
0.017431
0.217110
0.649096
0.152231
0.100661
0.443181
0.278703
0.055037
0.099708
0.016516
0.052255
0.056278
0.006458
0.274184
0.088256
0.023488
0.250859
0.169162
0.274983
0.272605
0.194459
0.149309
0.238155
0.228443
0.245524
0.024380
0.074942
0.036368
0.071542
0.232042
0.031934
0.129573
0.188577
0.225196
0.306098
0.056178
0.053738
0.340934
0.018568
0.104924
0.075966
0.247079
0.260820
0.390507
0.000416
0.322425
0.203322
0.222326
0.010559
0.028784
0.158810
0.310709
0.074189
0.028727
0.280637
0.203095
0.007732
0.296925
0.030631
0.385986
0.163786
0.458765
0.223268
0.161835
0.088562
0.040012
0.050620
0.107155
0.234301
0.004112
0.030717
0.218807
0.138350
0.383896
0.515241
0.679056
0.103308
0.110982
0.092283
0.203840
0.159534
0.110851
0.375950
0.121857
0.497405
0.015124
0.002505
0.085381
0.279971
0.667905
0.033873
0.017137
0.228052
0.185646
0.186241
0.263368
0.126904
0.005506
0.267975
0.216660
0.018796
0.106896
0.259919
0.322799
0.157535
0.172323
0.094449
0.532181
0.255449
0.202926
0.115851
0.151508
0.117845
0.071168
0.122273
0.043996
0.100268
0.131759
0.104393
0.240215
0.395094
0.226826
0.032795
0.159190
0.314280
0.201346
0.131931
0.566059
0.292691
0.061959
0.007399
0.009312
0.098569
0.069740
0.246688
0.147908
0.452504
0.318518
0.197201
0.023565
0.031697
0.171221
0.042781
0.269364
0.350406
0.085218
0.042941
0.186672
0.189426
0.069434
0.042250
0.014518
0.028588
0.134332
0.279975
0.326304
0.237359
0.081232
0.111838
0.285194
0.054571
0.004944
0.173467
0.038061
0.004008
0.273373
0.210742
0.165591
0.018143
0.052987
0.171476
0.270919
0.162856
0.445438
0.064707
0.362867
0.088680
0.008648
0.060904
0.115155
0.380540
0.038130
0.364550
0.073379
